1.51699221
1.51083982
1.52226567
1.51083982
1.51962888
1.51962888
1.51083982
1.51611328
1.51435542
1.51171875
1.51435542
1.51787114
1.51435542
1.51523435
1.51874995
1.51787114
1.51523435
1.51787114
1.51874995
1.51347661
1.51699221
1.52050781
1.51787114
1.51347661
1.51611328
1.51611328
1.51611328
1.51787114
1.51874995
1.52050781
1.52226567
1.51347661
1.51699221
1.51787114
1.52226567
1.51611328
1.52138674
1.51611328
1.52226567
1.52050781
1.51611328
1.51787114
1.51699221
1.51611328
1.51699221
1.51787114
1.51787114
1.51523435
1.51962888
1.51874995
1.51787114
1.51787114
1.52138674
1.51874995
1.51699221
1.52050781
1.51787114
1.52050781
1.52226567
1.52226567
1.51962888
1.52138674
1.51787114
1.51435542
1.52226567
1.51962888
1.52050781
1.51874995
1.51699221
1.51523435
1.52050781
1.52226567
1.52314448
1.51962888
1.51787114
1.52226567
1.51787114
1.52050781
1.52226567
1.52226567
1.51962888
1.52226567
1.51962888
1.52226567
1.52578127
1.51699221
1.51611328
1.52050781
1.51787114
1.51787114
1.52226567
1.51699221
1.51962888
1.51787114
1.52226567
1.51787114
1.51962888
1.52314448
1.52050781
1.52578127
1.52402341
1.51259768
1.51874995
1.52578127
1.52138674
1.51787114
1.52226567
1.51611328
1.51874995
1.52666020
1.51435542
1.51611328
1.52226567
1.51435542
1.51962888
1.52050781
1.52138674
1.51611328
1.51874995
1.51435542
1.51611328
1.51699221
1.51611328
1.51874995
1.52050781
1.51787114
1.51787114
1.52138674
1.52050781
1.51787114
1.52050781
1.51787114
1.52578127
1.52050781
1.51962888
1.51787114
1.52226567
1.51611328
1.52402341
1.51962888
1.51699221
1.51435542
1.51523435
1.51435542
1.51523435
1.51787114
1.51962888
1.51347661
1.52050781
1.51347661
1.51699221
1.52578127
1.51962888
1.51874995
1.51083982
1.51435542
1.51435542
1.51787114
1.51874995
1.51699221
1.51171875
1.51435542
1.50908208
1.51171875
1.51435542
1.51259768
1.51611328
1.51699221
1.51523435
1.51611328
1.51435542
1.51874995
1.51347661
1.51347661
1.51611328
1.51435542
1.51699221
1.51874995
1.50908208
1.51874995
1.51347661
1.51523435
1.51259768
1.51083982
1.51259768
1.51171875
1.51171875
1.50908208
1.51523435
1.51171875
1.51171875
1.51083982
1.50820315
1.51171875
1.50996089
1.51347661
1.51171875
1.50908208
1.50996089
1.51435542
1.50908208
1.51347661
1.50996089
1.50820315
1.51171875
1.51259768
1.50644529
1.51083982
1.50996089
1.50908208
1.50908208
1.50380862
1.50820315
1.51259768
1.50908208
1.51171875
1.50996089
1.50996089
1.50996089
1.50908208
1.50820315
1.50820315
1.51171875
1.50996089
1.51347661
1.50996089
1.51083982
1.51523435
1.51259768
1.51083982
1.50644529
1.50908208
1.51435542
1.51259768
1.51259768
1.50908208
1.51347661
1.51347661
1.50908208
1.51083982
1.50996089
1.51083982
1.51171875
1.50732422
1.50820315
1.51083982
1.51083982
1.50380862
1.50996089
1.51171875
1.50996089
1.50820315
1.51083982
1.50732422
1.50556636
1.50029302
1.51083982
1.50380862
1.50908208
1.51171875
1.51083982
1.50908208
1.51171875
1.50908208
1.51259768
1.51171875
1.51347661
1.51083982
1.50380862
1.51259768
1.51171875
1.51083982
1.50908208
1.50820315
1.51083982
1.51171875
1.50908208
1.51787114
1.50380862
1.51259768
1.51435542
1.51171875
1.51347661
1.51435542
1.50380862
1.50996089
1.51347661
1.51259768
1.51171875
1.51347661
1.51347661
1.51083982
1.51171875
1.50996089
1.51171875
1.51347661
1.51259768
1.51435542
1.52050781
1.51523435
1.51083982
1.51083982
1.51083982
1.50732422
1.50908208
1.51347661
1.51259768
1.50908208
1.51171875
1.51083982
1.51874995
1.51083982
1.51523435
1.51171875
1.51523435
1.51523435
1.51435542
1.51259768
1.50908208
1.51699221
1.51171875
1.51347661
1.51259768
1.51083982
1.51347661
1.51699221
1.50996089
1.51347661
1.51083982
1.51171875
1.51435542
1.51435542
1.50732422
1.51259768
1.51347661
1.51435542
1.51523435
1.51347661
1.50996089
1.51171875
1.51435542
1.51083982
1.50908208
1.51611328
1.51347661
1.51259768
1.51523435
1.51083982
1.51171875
1.51083982
1.51435542
1.51611328
1.51347661
1.51083982
1.51347661
1.51171875
1.51523435
1.51171875
1.51347661
1.51435542
1.51171875
1.51523435
1.51611328
1.51347661
1.51435542
1.51611328
1.51259768
1.51347661
1.51611328
1.51611328
1.51259768
1.51523435
1.51347661
1.51523435
1.51699221
1.51962888
1.51611328
1.51611328
1.51874995
1.51699221
1.51083982
1.52138674
1.51347661
1.51523435
1.51874995
1.51347661
1.51523435
1.51347661
1.50996089
1.51435542
1.51699221
1.51699221
1.51259768
1.51874995
1.51611328
1.51874995
1.51435542
1.51435542
1.51083982
1.51435542
1.51874995
1.51787114
1.51787114
1.51874995
1.51787114
1.51435542
1.51874995
1.51699221
1.51962888
1.51699221
1.51171875
1.51874995
1.51435542
1.51523435
1.51435542
1.50908208
1.51787114
1.51523435
1.51523435
1.51347661
1.51611328
1.51611328
1.51259768
1.51874995
1.51699221
1.51435542
1.51523435
1.50732422
1.51611328
1.51874995
1.51435542
1.51171875
1.51611328
1.50996089
1.50996089
1.50996089
1.51523435
1.51435542
1.51259768
1.51523435
1.50996089
1.51083982
1.51347661
1.50996089
1.51259768
1.51699221
1.51523435
1.51347661
1.50732422
1.51083982
1.51083982
1.51787114
1.51699221
1.51523435
1.51874995
1.51874995
1.51171875
1.50996089
1.51699221
1.51523435
1.51523435
1.50996089
1.51435542
1.50732422
1.51435542
1.51699221
1.50996089
1.50996089
1.51347661
1.51259768
1.51347661
1.51083982
1.51259768
1.50996089
1.51259768
1.51083982
1.50908208
1.51523435
1.50644529
1.51347661
1.51347661
1.50820315
1.50908208
1.50556636
1.51347661
1.50996089
1.51171875
1.51523435
1.51171875
1.51523435
1.51171875
1.51083982
1.50908208
1.51083982
1.51083982
1.51347661
1.50996089
1.50380862
1.50732422
1.50996089
1.50556636
1.50908208
1.50820315
1.50996089
1.50908208
1.50732422
1.50908208
1.50996089
1.51171875
1.51347661
1.50820315
1.50380862
1.50732422
1.51083982
1.50644529
1.51083982
1.50380862
1.50556636
1.50380862
1.50908208
1.50908208
1.50908208
1.50468755
1.51259768
1.51171875
1.50996089
1.50820315
1.50820315
1.51259768
1.50908208
1.50908208
1.50732422
1.50732422
1.51083982
1.51083982
1.50908208
1.50556636
1.50644529
1.50908208
1.50996089
1.50996089
1.50908208
1.50996089
1.50644529
1.50644529
1.50820315
1.50820315
1.50644529
1.51083982
1.51171875
1.50820315
1.50996089
1.51171875
1.50644529
1.50996089
1.51347661
1.50205076
1.50556636
1.50556636
1.50556636
1.51171875
1.51171875
1.50820315
1.50292969
1.50380862
1.50996089
1.50380862
1.50556636
1.50556636
1.50292969
1.50644529
1.50468755
1.50292969
1.50468755
1.50205076
1.50908208
1.50556636
1.50468755
1.50820315
1.50380862
1.50644529
1.50029302
1.51171875
1.50556636
1.50732422
1.50556636
1.50468755
1.50556636
1.50380862
1.50820315
1.50380862
1.50644529
1.50468755
1.50468755
1.50468755
1.50292969
1.50292969
1.50117183
1.50380862
1.50644529
1.51171875
1.50292969
1.50380862
1.50205076
1.50380862
1.50292969
1.50380862
1.50556636
1.50556636
1.50468755
1.50468755
1.50556636
1.50380862
1.50380862
1.50205076
1.50556636
1.50029302
1.50908208
1.50732422
1.50205076
1.50292969
1.50380862
1.50468755
1.50029302
1.50820315
1.49941409
1.50117183
1.49677730
1.50380862
1.50380862
1.50292969
1.50468755
1.50820315
1.49765623
1.50644529
1.50292969
1.49765623
1.50380862
1.49853516
1.49941409
1.50556636
1.49853516
1.50468755
1.50468755
1.49941409
1.50205076
1.50292969
1.49589849
1.50117183
1.49941409
1.49853516
1.49853516
1.50644529
1.50292969
1.50468755
1.49677730
1.50292969
1.50468755
1.50380862
1.50029302
1.50205076
1.50468755
1.50556636
1.50205076
1.49853516
1.49941409
1.50117183
1.50029302
1.50029302
1.49941409
1.49765623
1.50292969
1.49853516
1.49765623
1.48974609
1.49765623
1.49501956
1.49853516
1.49589849
1.49238276
1.49765623
1.49765623
1.49238276
1.50029302
1.49501956
1.49677730
1.49589849
1.49501956
1.49414062
1.49414062
1.49589849
1.49589849
1.49238276
1.49589849
1.49765623
1.49589849
1.49765623
1.48974609
1.49414062
1.49414062
1.49501956
1.49765623
1.49238276
1.49238276
1.49589849
1.48886716
1.48974609
1.49062502
1.49150395
1.49238276
1.49238276
1.48974609
1.48623049
1.49062502
1.48886716
1.48798823
1.49326169
1.49062502
1.49589849
1.48974609
1.48974609
1.48974609
1.49326169
1.48886716
1.49150395
1.48886716
1.48710942
1.49062502
1.49062502
1.48798823
1.48886716
1.48974609
1.48447263
1.48886716
1.48710942
1.48623049
1.48974609
1.48710942
1.48623049
1.49238276
1.48535156
1.48798823
1.48447263
1.48535156
1.49062502
1.48710942
1.48974609
1.48886716
1.48271489
1.48623049
1.48623049
1.48447263
1.48447263
1.48535156
1.48710942
1.48535156
1.48447263
1.48623049
1.48710942
1.48359370
1.48447263
1.48535156
1.48623049
1.48886716
1.48535156
1.48359370
1.48535156
1.48710942
1.48271489
1.48359370
1.48183596
1.48535156
1.48359370
1.48710942
1.48271489
1.48447263
1.47919917
1.48447263
1.48447263
1.49062502
1.48623049
1.48183596
1.48359370
1.48095703
1.48095703
1.48271489
1.47568357
1.47919917
1.48623049
1.48447263
1.48359370
1.48271489
1.48535156
1.48095703
1.48359370
1.48095703
1.48271489
1.48271489
1.47744143
1.48183596
1.48535156
1.48183596
1.48183596
1.48095703
1.48007810
1.48095703
1.48095703
1.48447263
1.49062502
1.48271489
1.48183596
1.48710942
1.48095703
1.48183596
1.48095703
1.47919917
1.48007810
1.48535156
1.48007810
1.47919917
1.47832036
1.47919917
1.47656250
1.48095703
1.48359370
1.48095703
1.48007810
1.47832036
1.48007810
1.47744143
1.48007810
1.48007810
1.48095703
1.47656250
1.48007810
1.47480464
1.48535156
1.48095703
1.48007810
1.47744143
1.48095703
1.47919917
1.48007810
1.48095703
1.48183596
1.48359370
1.47656250
1.47919917
1.47568357
1.47832036
1.47919917
1.47919917
1.47832036
1.48359370
1.48359370
1.47568357
1.47568357
1.48007810
1.48007810
1.47832036
1.48095703
1.47919917
1.48359370
1.47568357
1.47480464
1.48183596
1.48095703
1.48535156
1.47568357
1.48447263
1.48359370
1.48007810
1.48447263
1.48007810
1.47744143
1.47832036
1.48095703
1.48007810
1.47568357
1.47568357
1.47656250
1.47832036
1.48183596
1.48007810
1.48007810
1.47568357
1.47919917
1.48095703
1.47919917
1.47656250
1.48359370
1.48359370
1.48007810
1.47568357
1.47568357
1.47919917
1.48007810
1.47919917
1.47919917
1.48007810
1.48095703
1.47919917
1.48359370
1.47919917
1.47832036
1.48271489
1.48095703
1.47568357
1.48007810
1.48095703
1.48447263
1.47919917
1.48007810
1.48007810
1.48271489
1.47656250
1.48007810
1.47919917
1.48359370
1.48359370
1.47568357
1.48007810
1.47919917
1.48183596
1.48007810
1.48359370
1.47919917
1.48095703
1.48359370
1.48183596
1.48535156
1.48447263
1.48271489
1.48095703
1.47568357
1.47919917
1.48183596
1.49062502
1.48359370
1.47744143
1.48271489
1.47744143
1.48359370
1.49062502
1.48271489
1.48447263
1.48710942
1.48535156
1.47919917
1.48183596
1.48535156
1.48095703
1.48710942
1.48623049
1.48798823
1.48623049
1.48535156
1.48974609
1.48535156
1.48535156
1.48535156
1.48623049
1.48798823
1.48271489
1.48271489
1.48710942
1.48798823
1.48974609
1.48886716
1.48798823
1.48886716
1.48886716
1.49589849
1.49062502
1.49150395
1.48535156
1.49238276
1.48710942
1.49062502
1.48798823
1.49062502
1.48798823
1.49062502
1.48974609
1.49062502
1.48974609
1.49150395
1.49326169
1.49414062
1.49853516
1.49238276
1.49326169
1.49589849
1.49414062
1.49501956
1.49238276
1.49326169
1.49238276
1.48974609
1.49677730
1.48974609
1.49501956
1.49326169
1.49677730
1.49501956
1.49238276
1.49941409
1.49414062
1.50117183
1.49941409
1.49765623
1.49941409
1.49501956
1.49501956
1.49941409
1.49941409
1.49765623
1.49853516
1.50029302
1.50292969
1.50468755
1.49853516
1.50468755
1.50205076
1.50732422
1.50117183
1.50380862
1.50205076
1.50117183
1.49941409
1.50292969
1.50029302
1.50380862
1.50205076
1.49589849
1.50380862
1.50029302
1.50820315
1.50117183
1.49941409
1.50468755
1.50117183
1.50556636
1.50380862
1.50820315
1.50908208
1.50292969
1.50117183
1.50205076
1.50996089
1.50732422
1.50380862
1.51171875
1.50468755
1.50644529
1.50732422
1.50820315
1.51083982
1.50732422
1.50644529
1.50732422
1.50996089
1.50996089
1.51171875
1.50996089
1.50908208
1.50908208
1.51083982
1.51435542
1.50732422
1.51699221
1.50732422
1.51523435
1.51171875
1.50996089
1.51259768
1.51699221
1.51171875
1.51874995
1.51347661
1.50996089
1.51699221
1.51347661
1.51435542
1.51611328
1.51259768
1.50908208
1.51787114
1.51523435
1.51171875
1.51435542
1.51523435
1.51347661
1.51435542
1.51874995
1.51435542
1.51347661
1.51523435
1.51787114
1.51787114
1.51699221
1.51874995
1.51611328
1.51787114
1.51699221
1.52226567
1.51787114
1.51787114
1.52226567
1.52050781
1.51874995
1.51611328
1.52138674
1.51787114
1.52050781
1.52050781
1.52050781
1.51435542
1.51874995
1.51787114
1.51787114
1.52666020
1.51874995
1.51962888
1.51874995
1.51611328
1.52138674
1.51787114
1.51874995
1.51787114
1.51699221
1.52138674
1.51874995
1.52402341
1.52226567
1.51787114
1.51874995
1.51787114
1.51787114
1.51787114
1.51962888
1.52314448
1.52226567
1.52314448
1.52050781
1.52226567
1.52578127
1.52578127
1.52402341
1.52490234
1.51962888
1.52226567
1.52138674
1.51962888
1.52138674
1.52314448
1.52226567
1.52490234
1.52578127
1.52226567
1.52050781
1.51787114
1.52578127
1.52314448
1.52138674
1.52314448
1.52929688
1.52929688
1.52138674
1.52402341
1.52578127
1.52402341
1.51874995
1.53281248
1.52666020
1.51787114
1.52402341
1.52402341
1.52138674
1.52314448
1.52402341
1.52226567
1.51874995
1.52138674
1.52314448
1.51962888
1.51962888
1.51787114
1.52578127
1.51874995
1.51962888
1.52050781
1.52314448
1.51787114
1.51962888
1.52578127
1.51962888
1.52138674
1.51874995
1.51874995
1.52138674
1.51962888
1.51962888
1.52050781
1.51962888
1.52138674
1.52314448
1.52314448
1.52226567
1.51874995
1.52314448
1.52138674
1.52050781
1.51874995
1.51874995
1.51962888
1.51874995
1.51962888
1.51611328
1.51787114
1.51523435
1.51523435
1.51611328
1.51611328
1.51699221
1.51523435
1.51259768
1.51699221
1.51787114
1.51523435
1.51083982
1.51083982
1.51083982
1.51259768
1.51347661
1.51874995
1.51259768
1.50996089
1.51347661
1.51523435
1.51171875
1.51611328
1.51435542
1.51083982
1.50996089
1.50556636
1.50820315
1.50468755
1.50996089
1.50644529
1.50820315
1.50908208
1.50644529
1.50908208
1.51171875
1.50556636
1.50556636
1.50556636
1.50380862
1.50556636
1.50468755
1.50644529
1.50117183
1.50908208
1.50205076
1.50205076
1.50644529
1.50292969
1.50556636
1.50468755
1.50468755
1.49677730
1.50117183
1.49853516
1.50029302
1.49853516
1.49677730
1.49765623
1.50029302
1.49677730
1.50029302
1.49853516
1.50468755
1.50029302
1.50029302
1.49589849
1.49677730
1.49677730
1.49853516
1.49589849
1.50029302
1.49589849
1.49853516
1.49589849
1.49677730
1.49238276
1.49853516
1.49853516
1.49765623
1.49501956
1.49589849
1.49150395
1.49765623
1.48623049
1.49414062
1.49414062
1.49150395
1.49853516
1.48886716
1.48623049
1.48886716
1.49238276
1.48183596
1.48271489
1.48886716
1.48271489
1.48886716
1.48359370
1.48271489
1.49062502
1.48710942
1.48271489
1.48710942
1.48271489
1.48710942
1.48535156
1.48623049
1.48710942
1.48095703
1.48095703
1.48271489
1.48271489
1.48359370
1.48447263
1.47919917
1.47832036
1.48183596
1.48271489
1.47832036
1.47568357
1.47832036
1.48007810
1.47568357
1.47568357
1.48359370
1.47656250
1.47744143
1.47392583
1.47832036
1.47919917
1.48007810
1.47832036
1.47744143
1.47216797
1.47656250
1.48095703
1.47656250
1.47216797
1.47568357
1.47304690
1.47392583
1.47832036
1.47128904
1.47304690
1.47656250
1.47304690
1.47041011
1.47392583
1.47392583
1.47128904
1.47656250
1.47041011
1.46865237
1.46865237
1.47128904
1.47568357
1.47832036
1.47128904
1.47041011
1.46865237
1.47216797
1.46953130
1.46953130
1.46953130
1.47656250
1.47480464
1.46953130
1.46953130
1.46513677
1.46865237
1.46865237
1.47041011
1.46865237
1.46865237
1.46777344
1.47041011
1.47392583
1.46953130
1.46777344
1.46865237
1.46953130
1.47304690
1.47041011
1.46513677
1.47656250
1.46513677
1.46865237
1.47041011
1.46953130
1.46601558
1.46865237
1.47304690
1.47216797
1.47128904
1.46953130
1.46865237
1.46777344
1.47304690
1.46953130
1.46689451
1.46777344
1.46953130
1.46777344
1.46865237
1.47041011
1.47041011
1.46513677
1.46689451
1.46425784
1.46689451
1.46865237
1.46777344
1.46953130
1.46689451
1.47304690
1.46689451
1.46865237
1.46601558
1.47304690
1.46865237
1.47304690
1.47744143
1.46689451
1.47392583
1.46953130
1.46953130
1.47128904
1.46601558
1.46953130
1.47128904
1.47128904
1.47128904
1.46953130
1.46953130
1.47128904
1.46601558
1.46865237
1.46953130
1.46777344
1.47392583
1.46689451
1.46953130
1.46689451
1.47216797
1.46777344
1.46162105
1.46953130
1.46865237
1.46777344
1.46601558
1.46865237
1.46865237
1.46689451
1.46513677
1.47656250
1.46865237
1.46513677
1.46777344
1.46777344
1.46865237
1.46162105
1.46953130
1.46513677
1.47216797
1.46865237
1.46865237
1.46865237
1.46513677
1.47392583
1.46425784
1.46953130
1.46953130
1.46162105
1.46689451
1.46425784
1.46601558
1.46513677
1.46689451
1.46249998
1.46601558
1.46777344
1.46601558
1.46513677
1.46337891
1.46601558
1.46425784
1.46865237
1.46074224
1.46865237
1.46953130
1.46249998
1.46513677
1.46162105
1.46425784
1.47041011
1.46689451
1.46689451
1.46513677
1.46777344
1.46601558
1.46425784
1.46513677
1.46777344
1.45986331
1.46513677
1.46513677
1.46425784
1.46689451
1.46337891
1.46689451
1.46689451
1.46777344
1.46425784
1.47128904
1.46689451
1.46689451
1.46337891
1.46865237
1.46689451
1.46162105
1.45810544
1.46953130
1.46337891
1.46689451
1.46337891
1.46601558
1.46601558
1.46777344
1.46953130
1.46337891
1.46601558
1.46601558
1.46601558
1.46337891
1.46689451
1.46162105
1.46337891
1.46513677
1.46337891
1.46689451
1.46601558
1.46601558
1.46601558
1.46689451
1.46425784
1.47128904
1.45986331
1.46249998
1.46601558
1.46777344
1.46865237
1.45810544
1.46953130
1.46953130
1.46249998
1.46074224
1.46513677
1.46601558
1.46162105
1.46601558
1.46337891
1.46513677
1.46513677
1.46074224
1.45986331
1.46601558
1.46162105
1.46337891
1.46689451
1.46777344
1.46777344
1.46425784
1.46513677
1.45986331
1.46162105
1.46425784
1.46601558
1.46337891
1.46337891
1.45898438
1.46425784
1.46249998
1.45986331
1.46689451
1.45634770
1.46162105
1.46425784
1.46074224
1.46337891
1.45986331
1.46074224
1.45986331
1.45546877
1.46249998
1.46074224
1.45810544
1.46074224
1.45634770
1.45898438
1.46074224
1.46162105
1.46249998
1.45986331
1.46249998
1.46249998
1.45898438
1.45898438
1.45371091
1.45107424
1.45546877
1.45283198
1.45722651
1.45458984
1.45458984
1.45634770
1.45283198
1.44755864
1.45634770
1.45195317
1.45458984
1.45371091
1.45546877
1.44755864
1.45283198
1.44667971
1.45546877
1.45283198
1.45458984
1.45458984
1.44931638
1.44667971
1.45195317
1.44755864
1.45546877
1.44755864
1.45195317
1.44667971
1.45195317
1.44843745
1.44843745
1.44843745
1.44931638
1.45019531
1.44492185
1.44843745
1.45019531
1.44843745
1.44404292
1.44404292
1.44843745
1.45019531
1.44843745
1.44052732
1.44052732
1.44580078
1.44404292
1.43964839
1.43789065
1.44316411
1.44228518
1.44843745
1.43701172
1.44140625
1.44052732
1.44140625
1.43876958
1.44228518
1.44492185
1.43964839
1.44492185
1.43964839
1.44140625
1.44052732
1.44228518
1.43876958
1.43964839
1.43876958
1.44140625
1.43789065
1.43525386
1.43876958
1.43525386
1.43876958
1.43876958
1.43525386
1.44140625
1.43701172
1.43173826
1.43437505
1.43613279
1.43349612
1.43173826
1.42910159
1.43349612
1.43261719
1.43349612
1.43789065
1.43349612
1.43173826
1.42998052
1.43261719
1.43525386
1.43261719
1.43437505
1.43261719
1.43261719
1.43525386
1.43525386
1.43173826
1.43173826
1.43173826
1.43085933
1.42998052
1.43613279
1.43437505
1.43261719
1.42998052
1.42822266
1.43261719
1.43349612
1.42910159
1.43525386
1.42998052
1.43261719
1.43525386
1.42998052
1.42998052
1.43437505
1.43261719
1.43085933
1.43173826
1.43349612
1.43525386
1.42910159
1.42910159
1.42998052
1.42646480
1.42910159
1.43173826
1.43261719
1.43525386
1.42910159
1.42998052
1.43613279
1.43437505
1.43613279
1.43437505
1.43261719
1.42910159
1.43613279
1.43173826
1.43261719
1.43701172
1.43701172
1.43261719
1.43613279
1.43525386
1.43173826
1.43173826
1.43525386
1.43525386
1.43173826
1.43261719
1.43613279
1.43525386
1.43789065
1.43261719
1.43613279
1.43261719
1.43613279
1.43261719
1.43437505
1.42998052
1.43613279
1.43349612
1.43789065
1.43876958
1.43173826
1.43437505
1.43525386
1.43789065
1.43789065
1.43261719
1.43349612
1.43349612
1.43964839
1.43789065
1.43789065
1.43964839
1.43349612
1.44140625
1.43701172
1.44140625
1.44492185
1.43701172
1.44140625
1.43789065
1.44140625
1.43964839
1.43876958
1.43701172
1.43964839
1.44052732
1.44052732
1.44492185
1.44140625
1.44140625
1.44052732
1.44492185
1.44052732
1.44228518
1.44755864
1.44580078
1.43964839
1.44316411
1.44843745
1.44052732
1.44755864
1.44228518
1.44580078
1.44492185
1.44755864
1.44755864
1.44316411
1.44492185
1.44404292
1.44843745
1.44755864
1.44931638
1.45195317
1.45195317
1.44931638
1.45371091
1.45371091
1.45019531
1.45107424
1.44755864
1.45283198
1.45546877
1.45195317
1.44580078
1.44843745
1.45283198
1.45722651
1.45195317
1.45371091
1.45458984
1.45195317
1.45107424
1.45283198
1.45019531
1.45371091
1.45898438
1.45546877
1.45546877
1.45722651
1.45458984
1.45722651
1.45722651
1.45458984
1.46425784
1.45810544
1.45634770
1.45810544
1.45810544
1.45722651
1.46249998
1.46074224
1.46074224
1.45898438
1.46425784
1.45986331
1.46249998
1.46162105
1.46337891
1.46074224
1.46162105
1.46162105
1.45810544
1.46777344
1.46425784
1.46425784
1.46337891
1.46074224
1.47128904
1.46953130
1.46425784
1.46689451
1.47128904
1.46689451
1.46865237
1.47128904
1.46865237
1.46777344
1.47392583
1.46689451
1.46953130
1.46953130
1.47304690
1.47128904
1.47128904
1.47128904
1.46777344
1.47568357
1.47304690
1.46953130
1.47744143
1.47304690
1.47041011
1.47392583
1.47216797
1.47392583
1.47656250
1.47568357
1.47656250
1.48007810
1.47480464
1.48007810
1.48007810
1.47832036
1.48095703
1.48271489
1.47919917
1.48095703
1.47744143
1.48183596
1.48183596
1.48271489
1.48183596
1.48535156
1.48535156
1.48535156
1.48271489
1.48447263
1.48798823
1.48535156
1.48183596
1.48710942
1.49062502
1.48710942
1.48535156
1.48623049
1.49062502
1.49062502
1.48359370
1.48798823
1.48710942
1.48623049
1.48271489
1.49062502
1.48798823
1.49062502
1.49062502
1.49414062
1.48710942
1.48623049
1.49238276
1.49150395
1.49414062
1.49238276
1.49238276
1.49150395
1.48798823
1.49589849
1.49062502
1.49414062
1.49238276
1.49677730
1.49501956
1.49414062
1.49853516
1.49326169
1.48974609
1.49326169
1.49677730
1.49150395
1.49589849
1.49501956
1.49414062
1.48974609
1.49677730
1.49589849
1.49677730
1.49677730
1.49589849
1.49677730
1.49765623
1.49853516
1.49941409
1.49589849
1.49326169
1.49589849
1.49853516
1.49589849
1.50468755
1.49589849
1.49589849
1.49677730
1.49941409
1.49677730
1.49326169
1.49589849
1.49326169
1.50205076
1.50205076
1.49326169
1.49853516
1.49677730
1.49853516
1.49765623
1.49501956
1.49677730
1.50029302
1.50468755
1.49589849
1.49941409
1.49941409
1.49677730
1.49941409
1.49853516
1.49677730
1.50292969
1.50117183
1.49589849
1.50468755
1.50380862
1.50468755
1.50205076
1.50205076
1.49941409
1.50029302
1.50029302
1.50380862
1.50117183
1.50468755
1.50029302
1.49677730
1.50117183
1.49765623
1.49941409
1.49677730
1.49765623
1.50117183
1.49765623
1.50468755
1.50292969
1.49853516
1.49765623
1.50029302
1.49414062
1.49765623
1.50117183
1.50117183
1.50029302
1.49501956
1.49501956
1.49853516
1.49941409
1.50117183
1.49765623
1.49326169
1.49414062
1.49589849
1.49326169
1.49501956
1.50029302
1.49589849
1.49326169
1.49501956
1.49765623
1.49501956
1.49414062
1.49326169
1.49062502
1.48974609
1.49062502
1.49414062
1.49501956
1.48798823
1.49326169
1.49414062
1.49501956
1.48974609
1.49062502
1.49150395
1.48798823
1.48886716
1.48623049
1.49414062
1.48974609
1.48798823
1.49326169
1.48798823
1.48974609
1.48798823
1.48798823
1.48974609
1.48623049
1.49062502
1.48886716
1.49062502
1.49150395
1.48710942
1.48710942
1.48535156
1.48886716
1.48271489
1.48974609
1.48886716
1.48710942
1.48271489
1.48359370
1.48271489
1.48886716
1.48623049
1.48447263
1.48710942
1.47744143
1.48359370
1.48095703
1.48095703
1.48183596
1.48095703
1.48271489
1.48710942
1.47919917
1.48183596
1.48710942
1.48710942
1.48447263
1.48447263
1.48359370
1.48535156
1.47568357
1.47919917
1.47744143
1.47919917
1.48271489
1.47744143
1.47568357
1.47919917
1.48007810
1.48447263
1.47832036
1.47568357
1.47656250
1.47656250
1.48183596
1.47568357
1.47656250
1.47744143
1.47832036
1.47480464
1.47744143
1.47832036
1.47656250
1.47304690
1.47216797
1.47216797
1.47656250
1.46953130
1.47128904
1.47480464
1.47216797
1.47304690
1.47216797
1.47656250
1.46689451
1.46865237
1.46953130
1.47656250
1.47041011
1.47128904
1.46865237
1.47304690
1.46865237
1.47041011
1.46777344
1.46689451
1.46777344
1.46865237
1.46601558
1.46689451
1.47041011
1.46689451
1.46249998
1.46601558
1.46689451
1.46425784
1.46689451
1.45810544
1.46337891
1.46425784
1.46162105
1.46777344
1.45810544
1.46425784
1.46425784
1.46337891
1.45458984
1.46601558
1.46425784
1.46074224
1.46074224
1.46425784
1.46074224
1.45810544
1.45898438
1.45810544
1.45898438
1.45722651
1.45722651
1.45898438
1.45283198
1.45371091
1.45195317
1.45634770
1.45458984
1.45107424
1.45107424
1.45722651
1.45546877
1.44755864
1.45019531
1.45458984
1.44755864
1.44931638
1.44843745
1.45019531
1.45195317
1.44931638
1.44755864
1.45107424
1.45283198
1.44931638
1.45019531
1.44931638
1.44931638
1.44843745
1.44755864
1.44580078
1.44052732
1.44580078
1.44755864
1.44492185
1.44580078
1.44052732
1.44316411
1.44228518
1.44404292
1.44492185
1.44052732
1.44404292
1.43876958
1.44140625
1.44667971
1.44228518
1.43876958
1.44667971
1.43701172
1.44580078
1.44140625
1.43789065
1.43613279
1.43876958
1.43789065
1.43613279
1.44228518
1.43876958
1.43789065
1.43701172
1.43613279
1.43349612
1.43437505
1.43349612
1.43437505
1.43789065
1.43349612
1.44052732
1.43437505
1.43876958
1.43173826
1.43525386
1.43261719
1.43437505
1.43701172
1.43085933
1.43437505
1.43525386
1.42998052
1.43613279
1.43437505
1.42910159
1.43085933
1.42998052
1.42822266
1.43085933
1.43437505
1.43613279
1.43173826
1.43261719
1.43085933
1.42822266
1.43173826
1.43173826
1.43437505
1.42910159
1.43349612
1.43173826
1.42646480
1.42998052
1.43261719
1.42294919
1.42734373
1.42734373
1.42822266
1.42734373
1.42734373
1.42822266
1.42470706
1.42558599
1.42470706
1.42470706
1.42646480
1.42382812
1.43085933
1.42294919
1.42294919
1.42558599
1.42470706
1.42822266
1.42822266
1.42031252
1.42734373
1.42294919
1.42294919
1.43085933
1.42031252
1.42294919
1.42382812
1.42294919
1.42646480
1.42734373
1.42207026
1.42470706
1.42734373
1.42382812
1.42119145
1.42207026
1.42294919
1.42119145
1.42119145
1.42382812
1.42119145
1.41943359
1.42207026
1.42207026
1.42294919
1.42558599
1.42207026
1.41943359
1.42031252
1.42207026
1.42382812
1.42382812
1.41943359
1.42119145
1.42031252
1.41943359
1.42294919
1.42207026
1.41943359
1.42207026
1.41679692
1.42119145
1.42119145
1.41855466
1.42382812
1.41943359
1.41767573
1.42207026
1.41943359
1.42119145
1.42119145
1.42031252
1.41679692
1.41591799
1.42031252
1.41591799
1.41416013
1.41767573
1.41767573
1.42207026
1.41855466
1.41416013
1.41503906
1.41767573
1.41503906
1.41240239
1.41679692
1.41240239
1.41767573
1.41064453
1.41328120
1.41503906
1.41328120
1.41240239
1.40976560
1.40888667
1.41503906
1.41416013
1.41240239
1.41328120
1.41152346
1.41064453
1.41152346
1.40888667
1.40888667
1.40976560
1.40800786
1.40888667
1.41328120
1.40537107
1.41416013
1.41328120
1.40800786
1.40888667
1.40712893
1.40185547
1.40888667
1.41152346
1.40888667
1.40976560
1.40800786
1.40537107
1.40888667
1.40976560
1.40537107
1.40888667
1.40537107
1.40537107
1.40712893
1.40976560
1.40185547
1.40537107
1.40625000
1.40361333
1.40625000
1.40097654
1.40625000
1.40625000
1.40009761
1.40097654
1.40361333
1.40185547
1.40361333
1.40273440
1.40625000
1.40185547
1.40449214
1.39833987
1.40976560
1.40097654
1.39833987
1.39833987
1.39482427
1.40273440
1.40273440
1.40361333
1.40097654
1.40009761
1.39658201
1.39570308
1.39921880
1.39921880
1.40097654
1.39482427
1.40009761
1.39921880
1.40273440
1.40009761
1.40625000
1.39746094
1.40625000
1.40009761
1.40097654
1.39658201
1.39833987
1.39833987
1.40009761
1.39482427
1.39658201
1.39130855
1.40361333
1.39218748
1.39746094
1.40009761
1.39570308
1.40273440
1.39921880
1.39746094
1.40097654
1.40097654
1.39658201
1.40273440
1.40097654
1.39833987
1.39921880
1.39833987
1.39833987
1.39833987
1.39746094
1.39658201
1.40009761
1.39658201
1.40625000
1.40273440
1.39570308
1.39921880
1.39746094
1.39921880
1.40185547
1.40273440
1.40097654
1.40009761
1.39746094
1.39746094
1.40009761
1.40185547
1.39746094
1.39746094
1.39570308
1.40009761
1.39218748
1.39658201
1.39746094
1.39570308
1.39570308
1.39482427
1.39921880
1.39921880
1.40449214
1.40009761
1.39921880
1.39658201
1.39833987
1.39570308
1.39130855
1.39921880
1.39833987
1.39394534
1.39482427
1.39658201
1.39570308
1.39482427
1.39658201
1.39482427
1.39746094
1.39833987
1.39482427
1.38955081
1.39658201
1.39482427
1.39570308
1.40009761
1.39746094
1.39482427
1.39921880
1.39394534
1.38955081
1.39746094
1.39570308
1.39130855
1.39394534
1.39042974
1.39746094
1.39394534
1.40009761
1.39658201
1.39482427
1.39042974
1.39042974
1.39746094
1.39130855
1.39570308
1.39482427
1.39306641
1.39306641
1.39306641
1.39218748
1.39130855
1.39921880
1.39218748
1.39394534
1.39130855
1.39394534
1.39394534
1.39042974
1.39658201
1.39921880
1.39130855
1.39042974
1.39921880
1.39306641
1.39570308
1.39746094
1.39482427
1.39921880
1.39394534
1.39746094
1.39746094
1.40361333
1.40009761
1.39746094
1.39658201
1.39746094
1.39130855
1.39482427
1.39833987
1.39746094
1.39570308
1.39658201
1.39658201
1.40097654
1.39746094
1.39833987
1.39658201
1.39746094
1.39833987
1.40009761
1.39570308
1.39570308
1.40625000
1.40361333
1.40273440
1.40273440
1.40097654
1.39833987
1.40009761
1.40625000
1.40185547
1.40361333
1.40097654
1.40273440
1.40185547
1.40009761
1.40361333
1.40009761
1.40009761
1.40537107
1.39921880
1.40625000
1.39833987
1.40361333
1.40361333
1.40625000
1.40361333
1.40185547
1.40185547
1.40273440
1.39833987
1.40185547
1.39482427
1.40185547
1.40185547
1.39833987
1.40185547
1.40537107
1.40097654
1.40185547
1.40185547
1.40097654
1.40625000
1.39921880
1.40185547
1.40097654
1.40273440
1.40097654
1.39833987
1.40185547
1.40625000
1.40097654
1.39746094
1.40625000
1.39306641
1.40273440
1.40185547
1.39833987
1.40625000
1.40097654
1.39658201
1.40185547
1.40097654
1.40273440
1.39658201
1.39658201
1.39482427
1.39658201
1.39921880
1.39130855
1.39658201
1.39921880
1.39394534
1.39658201
1.39130855
1.39570308
1.39482427
1.39218748
1.39042974
1.39658201
1.39042974
1.39218748
1.39570308
1.39306641
1.39394534
1.38955081
1.39218748
1.39394534
1.39130855
1.38427734
1.38867188
1.38251948
1.38164067
1.39306641
1.39218748
1.38955081
1.38955081
1.38779294
1.38251948
1.38251948
1.38427734
1.38076174
1.38515627
1.38515627
1.38339841
1.38339841
1.38076174
1.38251948
1.38515627
1.37636721
1.38515627
1.38251948
1.37724614
1.38164067
1.37812495
1.37724614
1.38164067
1.37373042
1.37724614
1.37724614
1.37900388
1.37900388
1.37373042
1.37197268
1.37197268
1.37197268
1.36845708
1.37285161
1.37021482
1.36845708
1.37021482
1.37109375
1.37109375
1.36757815
1.36318362
1.36757815
1.36494136
1.36845708
1.36406255
1.36318362
1.36494136
1.36406255
1.36582029
1.36054683
1.36494136
1.36669922
1.35966802
1.36230469
1.35878909
1.35966802
1.35615230
1.35703123
1.35615230
1.35703123
1.35351562
1.35615230
1.35703123
1.35703123
1.35439456
1.35175776
1.35087895
1.35175776
1.35087895
1.35087895
1.35175776
1.34824216
1.34824216
1.34736323
1.34560549
1.34648442
1.34648442
1.35000002
1.34121096
1.34560549
1.34824216
1.34121096
1.34472656
1.34208989
1.34208989
1.33945310
1.34736323
1.34472656
1.34121096
1.35000002
1.34121096
1.34208989
1.34648442
1.34208989
1.34384763
1.34384763
1.33945310
1.33945310
1.33681643
1.34648442
1.33769536
1.34296870
1.34121096
1.33945310
1.33769536
1.33945310
1.32890630
1.33242190
1.33769536
1.33330083
1.33330083
1.33505857
1.33681643
1.33769536
1.33417964
1.33945310
1.33505857
1.33154297
1.33242190
1.33681643
1.33769536
1.33330083
1.33769536
1.33593750
1.33242190
1.33330083
1.33769536
1.33593750
1.33681643
1.33330083
1.32978511
1.33505857
1.33593750
1.33154297
1.32802737
1.33505857
1.33593750
1.32714844
1.33154297
1.33066404
1.33330083
1.33417964
1.33154297
1.33154297
1.32802737
1.33330083
1.33154297
1.33769536
1.33417964
1.33154297
1.33242190
1.33330083
1.32890630
1.33593750
1.33417964
1.33330083
1.32451177
1.33242190
1.33330083
1.33330083
1.33769536
1.33681643
1.33066404
1.32978511
1.33330083
1.32978511
1.33242190
1.33417964
1.32714844
1.33417964
1.33417964
1.33945310
1.33681643
1.33242190
1.32802737
1.33945310
1.33505857
1.33066404
1.33417964
1.33681643
1.33945310
1.33593750
1.33769536
1.34296870
1.33417964
1.33417964
1.33330083
1.33857417
1.33681643
1.33242190
1.33593750
1.33505857
1.33417964
1.33417964
1.33505857
1.33681643
1.33505857
1.33505857
1.33417964
1.33417964
1.33681643
1.33857417
1.33330083
1.33945310
1.33593750
1.33505857
1.33505857
1.33593750
1.33593750
1.33242190
1.33417964
1.33681643
1.33593750
1.33769536
1.33417964
1.34033203
1.33681643
1.33857417
1.33681643
1.33945310
1.34033203
1.33505857
1.33593750
1.33417964
1.33945310
1.33769536
1.33681643
1.34033203
1.33857417
1.33681643
1.33769536
1.33769536
1.33857417
1.33154297
1.33945310
1.33857417
1.33769536
1.33593750
1.33681643
1.33330083
1.33505857
1.33505857
1.33681643
1.33681643
1.33857417
1.33857417
1.33769536
1.33505857
1.33769536
1.33857417
1.33945310
1.33945310
1.33505857
1.33505857
1.33593750
1.33505857
1.33593750
1.33769536
1.33417964
1.33681643
1.33330083
1.33417964
1.33857417
1.33945310
1.33681643
1.33857417
1.33417964
1.33593750
1.33593750
1.33769536
1.33066404
1.33154297
1.33505857
1.33330083
1.33330083
1.33242190
1.33417964
1.32802737
1.33417964
1.33769536
1.33593750
1.32802737
1.33154297
1.32626951
1.33330083
1.33593750
1.33417964
1.33593750
1.33681643
1.33417964
1.33330083
1.33769536
1.33330083
1.33242190
1.33066404
1.32626951
1.33242190
1.33242190
1.33066404
1.33066404
1.32802737
1.33417964
1.32978511
1.32978511
1.32626951
1.33066404
1.32978511
1.33505857
1.32626951
1.32890630
1.32714844
1.32714844
1.32802737
1.32890630
1.32714844
1.32978511
1.32890630
1.32099605
1.32714844
1.32451177
1.33066404
1.32363284
1.33593750
1.32451177
1.32539058
1.32539058
1.32275391
1.31923831
1.32363284
1.32363284
1.32626951
1.32539058
1.32363284
1.32099605
1.32275391
1.32714844
1.32539058
1.32626951
1.32011724
1.32363284
1.32099605
1.32275391
1.32539058
1.32099605
1.32802737
1.32099605
1.32363284
1.31923831
1.31923831
1.31572270
1.32714844
1.32451177
1.31835938
1.31923831
1.31835938
1.32099605
1.31748044
1.31748044
1.31660151
1.31484377
1.31660151
1.32187498
1.31308591
1.31396484
1.31748044
1.31835938
1.31660151
1.31572270
1.31396484
1.31748044
1.31396484
1.31660151
1.31396484
1.31308591
1.31308591
1.30693364
1.31660151
1.31132817
1.31396484
1.31132817
1.31044924
1.30693364
1.31308591
1.31484377
1.30957031
1.31220698
1.30869138
1.31484377
1.31572270
1.30869138
1.31132817
1.31132817
1.30957031
1.31132817
1.30781245
1.30781245
1.30605471
1.30957031
1.30869138
1.30693364
1.30693364
1.30869138
1.30869138
1.30517578
1.29990232
1.30869138
1.30166018
1.30781245
1.30341792
1.29990232
1.30253911
1.30341792
1.30078125
1.29902339
1.29814458
1.30166018
1.30078125
1.29814458
1.30078125
1.30253911
1.30253911
1.30253911
1.29550779
1.29287112
1.29902339
1.29726565
1.29638672
1.30429685
1.29902339
1.29814458
1.29726565
1.29726565
1.29726565
1.29111326
1.28847659
1.29287112
1.29375005
1.29111326
1.29550779
1.29990232
1.29199219
1.29462886
1.29287112
1.29287112
1.28935552
1.29375005
1.29023433
1.29287112
1.29375005
1.29287112
1.29550779
1.29199219
1.28935552
1.29375005
1.29199219
1.29375005
1.29287112
1.29287112
1.28847659
1.28847659
1.29375005
1.28847659
1.29111326
1.28496099
1.28583980
1.29199219
1.29111326
1.28759766
1.28759766
1.28408206
1.28408206
1.28935552
1.28935552
1.28408206
1.28320312
1.28759766
1.27880859
1.28144526
1.28320312
1.28408206
1.28144526
1.28144526
1.28320312
1.28671873
1.27705073
1.28056645
1.28320312
1.28144526
1.28408206
1.28671873
1.28144526
1.27880859
1.28056645
1.28056645
1.28496099
1.27880859
1.27968752
1.28144526
1.28232419
1.27968752
1.27968752
1.28144526
1.27968752
1.27617192
1.27968752
1.27705073
1.27705073
1.27441406
1.27617192
1.27968752
1.27441406
1.27792966
1.27792966
1.27177739
1.27177739
1.27617192
1.26826167
1.27529299
1.27177739
1.27441406
1.27441406
1.27353513
1.27617192
1.27529299
1.27353513
1.27529299
1.27441406
1.27177739
1.27177739
1.27177739
1.27265620
1.27617192
1.27177739
1.27353513
1.27441406
1.27089846
1.27177739
1.27441406
1.26738286
1.26914060
1.27177739
1.27441406
1.27001953
1.27001953
1.27617192
1.27265620
1.26826167
1.27441406
1.27177739
1.27968752
1.26914060
1.27265620
1.27353513
1.26914060
1.27617192
1.27001953
1.26826167
1.26826167
1.27441406
1.26914060
1.27001953
1.26826167
1.27441406
1.26650393
1.26914060
1.27177739
1.27353513
1.27265620
1.27001953
1.27441406
1.27001953
1.27529299
1.27177739
1.27441406
1.27441406
1.27353513
1.27265620
1.27177739
1.27265620
1.27441406
1.27441406
1.27617192
1.27177739
1.27001953
1.27529299
1.27177739
1.27705073
1.27705073
1.27529299
1.26650393
1.27529299
1.27617192
1.27880859
1.27353513
1.27617192
1.28320312
1.27705073
1.27617192
1.27265620
1.27705073
1.27529299
1.27617192
1.27968752
1.28144526
1.27705073
1.27968752
1.27529299
1.28671873
1.27529299
1.27705073
1.27968752
1.28144526
1.27880859
1.28144526
1.28408206
1.28671873
1.28496099
1.27705073
1.28671873
1.27880859
1.28759766
1.28583980
1.28671873
1.28320312
1.28671873
1.28408206
1.28935552
1.28847659
1.28583980
1.29023433
1.29111326
1.28583980
1.29287112
1.29023433
1.28759766
1.29375005
1.29199219
1.29375005
1.29638672
1.29199219
1.29550779
1.29287112
1.29726565
1.29375005
1.30078125
1.30078125
1.29902339
1.30166018
1.29990232
1.30166018
1.29990232
1.29726565
1.30166018
1.30429685
1.30341792
1.30253911
1.30078125
1.30781245
1.30429685
1.29990232
1.31132817
1.31132817
1.30429685
1.31220698
1.30957031
1.31308591
1.31220698
1.31835938
1.31044924
1.31220698
1.31396484
1.31396484
1.31835938
1.31396484
1.31396484
1.31748044
1.31835938
1.31835938
1.31396484
1.31660151
1.32099605
1.31923831
1.32099605
1.31923831
1.32714844
1.32363284
1.32714844
1.32890630
1.32099605
1.32890630
1.32451177
1.32714844
1.32978511
1.32626951
1.33154297
1.33593750
1.32890630
1.33330083
1.33681643
1.33330083
1.33154297
1.33505857
1.33154297
1.33154297
1.33154297
1.33242190
1.33417964
1.33505857
1.33417964
1.33857417
1.33857417
1.33769536
1.33593750
1.33154297
1.33945310
1.34121096
1.34208989
1.34208989
1.33505857
1.33769536
1.34296870
1.35000002
1.34384763
1.34296870
1.34121096
1.34121096
1.33857417
1.34296870
1.34736323
1.34384763
1.34121096
1.34296870
1.35000002
1.34824216
1.34648442
1.34736323
1.34560549
1.33505857
1.34824216
1.34912109
1.34560549
1.34208989
1.35175776
1.34560549
1.34208989
1.34824216
1.35000002
1.34736323
1.35175776
1.34736323
1.35087895
1.35175776
1.35000002
1.35000002
1.35351562
1.35175776
1.35439456
1.34824216
1.35703123
1.35000002
1.35351562
1.34912109
1.35351562
1.35439456
1.35000002
1.34560549
1.35527349
1.35439456
1.35087895
1.35351562
1.35263669
1.35439456
1.35351562
1.35000002
1.34912109
1.35263669
1.35351562
1.35703123
1.35351562
1.35087895
1.35000002
1.35439456
1.35087895
1.35703123
1.35263669
1.35351562
1.34384763
1.35175776
1.34912109
1.35351562
1.35175776
1.35263669
1.34736323
1.34912109
1.35175776
1.34560549
1.35000002
1.34560549
1.35087895
1.35000002
1.35087895
1.34648442
1.34824216
1.34296870
1.35175776
1.34648442
1.34824216
1.34912109
1.34384763
1.34560549
1.34296870
1.34296870
1.34208989
1.34033203
1.34208989
1.34384763
1.34208989
1.34033203
1.34648442
1.34208989
1.34033203
1.33857417
1.33505857
1.33505857
1.33857417
1.34033203
1.33681643
1.33769536
1.33505857
1.34033203
1.33593750
1.33945310
1.33681643
1.33505857
1.33857417
1.33505857
1.33066404
1.33417964
1.33066404
1.33769536
1.33330083
1.32802737
1.33154297
1.33154297
1.32978511
1.33242190
1.32802737
1.32714844
1.32099605
1.32890630
1.32802737
1.32714844
1.32275391
1.32363284
1.32099605
1.32714844
1.32099605
1.32099605
1.31923831
1.32011724
1.32187498
1.32187498
1.31748044
1.31660151
1.31748044
1.31396484
1.32187498
1.31396484
1.31835938
1.31660151
1.31484377
1.31396484
1.31835938
1.31308591
1.31484377
1.30957031
1.30693364
1.31132817
1.31396484
1.30957031
1.30781245
1.30693364
1.30605471
1.30605471
1.30957031
1.30517578
1.30341792
1.30605471
1.30693364
1.30781245
1.30605471
1.30517578
1.30253911
1.30781245
1.30429685
1.30693364
1.30517578
1.30166018
1.30253911
1.30253911
1.30078125
1.30166018
1.30078125
1.29638672
1.29990232
1.29902339
1.29550779
1.29902339
1.29550779
1.29990232
1.29726565
1.29550779
1.29902339
1.30078125
1.30078125
1.29199219
1.29287112
1.29462886
1.29550779
1.29111326
1.29287112
1.29814458
1.29287112
1.29375005
1.29462886
1.29287112
1.29550779
1.29550779
1.29462886
1.29287112
1.29375005
1.29023433
1.29199219
1.28935552
1.29375005
1.28847659
1.29375005
1.28847659
1.29023433
1.28671873
1.28847659
1.28583980
1.28759766
1.28232419
1.28583980
1.28583980
1.28408206
1.28408206
1.27880859
1.28759766
1.28759766
1.28144526
1.28671873
1.28759766
1.28496099
1.28144526
1.28496099
1.28408206
1.27880859
1.28583980
1.28671873
1.28144526
1.27880859
1.28320312
1.28320312
1.27880859
1.28671873
1.28056645
1.28056645
1.27968752
1.27968752
1.28056645
1.28056645
1.27968752
1.27880859
1.27617192
1.28144526
1.27792966
1.27705073
1.28056645
1.27529299
1.28056645
1.27792966
1.28144526
1.27880859
1.28232419
1.28320312
1.27792966
1.27441406
1.27880859
1.28056645
1.28144526
1.27968752
1.27177739
1.27529299
1.27968752
1.27968752
1.27968752
1.27705073
1.27880859
1.28056645
1.27968752
1.27705073
1.27353513
1.27968752
1.27617192
1.27529299
1.27705073
1.27968752
1.27441406
1.27529299
1.28320312
1.27617192
1.27880859
1.27705073
1.27880859
1.27792966
1.27968752
1.28232419
1.28320312
1.28056645
1.28320312
1.27968752
1.28408206
1.28496099
1.27968752
1.27792966
1.28144526
1.27792966
1.28408206
1.28320312
1.28144526
1.28583980
1.28671873
1.28496099
1.28144526
1.27968752
1.27792966
1.27880859
1.27792966
1.28320312
1.27792966
1.28232419
1.27880859
1.28408206
1.27705073
1.28583980
1.28320312
1.28408206
1.28144526
1.28056645
1.28320312
1.28320312
1.28320312
1.27617192
1.27880859
1.27177739
1.28144526
1.27880859
1.27968752
1.27441406
1.27968752
1.27968752
1.27880859
1.27705073
1.27617192
1.27792966
1.27529299
1.27880859
1.27792966
1.27968752
1.27968752
1.27792966
1.27089846
1.27968752
1.27353513
1.27792966
1.27617192
1.27441406
1.27353513
1.27617192
1.27177739
1.27617192
1.27529299
1.27089846
1.27792966
1.27177739
1.27265620
1.27529299
1.27441406
1.27441406
1.26826167
1.26474607
1.27617192
1.27353513
1.27617192
1.27265620
1.27265620
1.27089846
1.27265620
1.26826167
1.26914060
1.26826167
1.27089846
1.26826167
1.26738286
1.27089846
1.27089846
1.26914060
1.26738286
1.26474607
1.26650393
1.26650393
1.26562500
1.26562500
1.26650393
1.26386714
1.26650393
1.26386714
1.26562500
1.26123047
1.26914060
1.26386714
1.26738286
1.26738286
1.26298833
1.25947261
1.26035154
1.25595701
1.26562500
1.25771487
1.25771487
1.25683594
1.26123047
1.25683594
1.25771487
1.26210940
1.25419927
1.25683594
1.26562500
1.25595701
1.25859380
1.25771487
1.25683594
1.25683594
1.26035154
1.25859380
1.25683594
1.25595701
1.25068355
1.25683594
1.25244141
1.25595701
1.25156248
1.25419927
1.25156248
1.25595701
1.24980474
1.24804688
1.25244141
1.25332034
1.25507808
1.25332034
1.24980474
1.25156248
1.24716794
1.25068355
1.24716794
1.24716794
1.25507808
1.24804688
1.24628901
1.24980474
1.24453127
1.24892581
1.24892581
1.24453127
1.24541020
1.24365234
1.24453127
1.24541020
1.24277341
1.24189448
1.24365234
1.24365234
1.23925781
1.23837888
1.24541020
1.24453127
1.24453127
1.24453127
1.24453127
1.23310542
1.24013674
1.24101567
1.23925781
1.23749995
1.24277341
1.23925781
1.23925781
1.24101567
1.23486328
1.23662114
1.23749995
1.23749995
1.23925781
1.23925781
1.23574221
1.22958982
1.23837888
1.23486328
1.23310542
1.23398435
1.23749995
1.22958982
1.22871089
1.22958982
1.23134768
1.23134768
1.23398435
1.22783208
1.23837888
1.22607422
1.23310542
1.23134768
1.22958982
1.23046875
1.22958982
1.22871089
1.23134768
1.23222661
1.22958982
1.22783208
1.22871089
1.23134768
1.22695315
1.22783208
1.22343755
1.23046875
1.22958982
1.23134768
1.23222661
1.22607422
1.23046875
1.22607422
1.22958982
1.22431636
1.22871089
1.22695315
1.22080076
1.22695315
1.22958982
1.22607422
1.22607422
1.22695315
1.22695315
1.22519529
1.22255862
1.22431636
1.22695315
1.22519529
1.22519529
1.22343755
1.22783208
1.22080076
1.22783208
1.21992183
1.22695315
1.22255862
1.21904302
1.22519529
1.22695315
1.22343755
1.22343755
1.22695315
1.22343755
1.21992183
1.22255862
1.22783208
1.22343755
1.22080076
1.22343755
1.21816409
1.22431636
1.22255862
1.21904302
1.22343755
1.22255862
1.22080076
1.21816409
1.22695315
1.21816409
1.22607422
1.22080076
1.21728516
1.21904302
1.22519529
1.21728516
1.21992183
1.21464849
1.21816409
1.22343755
1.21640623
1.21816409
1.22167969
1.22431636
1.22343755
1.21904302
1.22343755
1.22167969
1.22080076
1.22343755
1.22080076
1.21904302
1.22080076
1.21728516
1.21992183
1.22167969
1.22255862
1.21904302
1.22080076
1.21904302
1.22255862
1.21904302
1.22080076
1.22343755
1.21904302
1.22167969
1.22080076
1.21904302
1.21464849
1.22607422
1.21816409
1.22343755
1.22255862
1.22255862
1.22080076
1.21904302
1.22343755
1.22167969
1.21816409
1.21728516
1.21904302
1.21904302
1.22080076
1.22695315
1.22431636
1.22343755
1.21904302
1.21728516
1.22255862
1.22167969
